101,3500,577.50,0.00,2922.50
203,5000,825.00,20.25,4154.75
309,15000,2475.00,1251.25,11273.75
101,3500,577.50,0.00,2922.50
203,5000,825.00,20.25,4154.75
309,15000,2475.00,1251.25,11273.75
101,3500,577.50,0.00,2922.50
203,5000,825.00,20.25,4154.75
309,15000,2475.00,1251.25,11273.75
101,3500,577.50,0.00,2922.50
203,5000,825.00,20.25,4154.75
309,15000,2475.00,1251.25,11273.75
310,10000,1650.00,415.00,7935.00
312,12000,1980.00,749.00,9271.00
101,3500,577.50,0.00,2922.50
203,5000,825.00,20.25,4154.75
309,15000,2475.00,1251.25,11273.75
101,3500,577.50,0.00,2922.50
203,5000,825.00,20.25,4154.75
309,15000,2475.00,1251.25,11273.75
101,3500,577.50,0.00,2922.50
203,5000,825.00,20.25,4154.75
309,15000,2475.00,1251.25,11273.75
101,3500,577.50,0.00,2922.50
203,5000,825.00,20.25,4154.75
309,15000,2475.00,1251.25,11273.75
101,3500,577.50,0.00,2922.50
203,5000,825.00,20.25,4154.75
309,15000,2475.00,1251.25,11273.75
